n,surface,freq,harmony,final_class,reason
1,өтті,2685,front,vowel,pure-cyrillic-short-high-freq
2,бойы,1673,back,vowel,pure-cyrillic-short-high-freq
3,қыз,1148,back,voiced_consonant,pure-cyrillic-short-high-freq
4,орны,1080,back,vowel,pure-cyrillic-short-high-freq
5,көмек,1053,front,voiceless_consonant,pure-cyrillic-short-high-freq
6,шығады,977,back,vowel,pure-cyrillic-short-high-freq
7,сай,952,back,glide,pure-cyrillic-short-high-freq
8,хабарлайды,882,back,vowel,pure-cyrillic-short-high-freq
9,орай,881,back,glide,pure-cyrillic-short-high-freq
10,орнына,853,back,vowel,pure-cyrillic-short-high-freq
11,салып,849,back,voiceless_consonant,pure-cyrillic-short-high-freq
12,өтіп,816,front,voiceless_consonant,pure-cyrillic-short-high-freq
13,жоспары,783,back,vowel,pure-cyrillic-short-high-freq
14,ислам,755,back,nasal,pure-cyrillic-short-high-freq
15,жетті,712,front,vowel,pure-cyrillic-short-high-freq
16,түсіп,699,front,voiceless_consonant,pure-cyrillic-short-high-freq
17,еске,691,front,vowel,pure-cyrillic-short-high-freq
18,директоры,690,mixed,vowel,pure-cyrillic-short-high-freq
19,оқиға,676,back,vowel,pure-cyrillic-short-high-freq
20,сайлау,640,back,vowel,pure-cyrillic-short-high-freq
21,сирек,599,front,voiceless_consonant,pure-cyrillic-short-high-freq
22,салдарынан,593,back,nasal,pure-cyrillic-short-high-freq
23,бойында,591,back,vowel,pure-cyrillic-short-high-freq
24,жедел,591,front,liquid,pure-cyrillic-short-high-freq
25,округі,584,mixed,vowel,pure-cyrillic-short-high-freq
26,жай,580,back,glide,pure-cyrillic-short-high-freq
27,жақ,564,back,voiceless_consonant,pure-cyrillic-short-high-freq
28,жеткен,564,front,nasal,pure-cyrillic-short-high-freq
29,жөн,561,front,nasal,pure-cyrillic-short-high-freq
30,былай,553,back,glide,pure-cyrillic-short-high-freq
31,хабарлады,541,back,vowel,pure-cyrillic-short-high-freq
32,салмағы,523,back,vowel,pure-cyrillic-short-high-freq
33,хабар,507,back,liquid,pure-cyrillic-short-high-freq
36,абылай,465,back,glide,pure-cyrillic-short-high-freq
37,аппараты,463,back,vowel,pure-cyrillic-short-high-freq
38,экономика,461,back,vowel,pure-cyrillic-short-high-freq
39,музыка,458,back,vowel,pure-cyrillic-short-high-freq
40,конкурс,439,back,voiceless_consonant,pure-cyrillic-short-high-freq
42,ахмет,432,mixed,voiceless_consonant,pure-cyrillic-short-high-freq
43,жоспар,428,back,liquid,pure-cyrillic-short-high-freq
44,орнын,420,back,nasal,pure-cyrillic-short-high-freq
45,бюджет,418,front,voiceless_consonant,pure-cyrillic-short-high-freq
46,америка,414,mixed,vowel,pure-cyrillic-short-high-freq
47,боп,393,back,voiceless_consonant,pure-cyrillic-short-high-freq
48,түсі,390,front,vowel,pure-cyrillic-short-high-freq
49,жайында,385,back,vowel,pure-cyrillic-short-high-freq
50,оңай,384,back,glide,pure-cyrillic-short-high-freq
51,бойына,381,back,vowel,pure-cyrillic-short-high-freq
52,докторы,380,back,vowel,pure-cyrillic-short-high-freq
53,салынды,379,back,vowel,pure-cyrillic-short-high-freq
54,одағы,377,back,vowel,pure-cyrillic-short-high-freq
55,салды,371,back,vowel,pure-cyrillic-short-high-freq
56,себеп,369,front,voiceless_consonant,pure-cyrillic-short-high-freq
57,порно,362,back,vowel,pure-cyrillic-short-high-freq
58,жеңіп,359,front,voiceless_consonant,pure-cyrillic-short-high-freq
60,кср,351,unknown (no vowels),liquid,pure-cyrillic-short-high-freq
61,ескерту,349,front,vowel,pure-cyrillic-short-high-freq
62,виртуалды,348,back,vowel,pure-cyrillic-short-high-freq
63,категория,345,mixed,unknown,pure-cyrillic-short-high-freq
64,жау,344,back,vowel,pure-cyrillic-short-high-freq
65,театр,338,mixed,liquid,pure-cyrillic-short-high-freq
66,компания,333,back,unknown,pure-cyrillic-short-high-freq
67,тергеу,313,front,vowel,pure-cyrillic-short-high-freq
68,жаулап,311,back,voiceless_consonant,pure-cyrillic-short-high-freq
69,шыға,311,back,vowel,pure-cyrillic-short-high-freq
70,қыс,306,back,voiceless_consonant,pure-cyrillic-short-high-freq
72,орнату,293,back,vowel,pure-cyrillic-short-high-freq
73,жауыншашын,288,back,nasal,pure-cyrillic-short-high-freq
75,семинар,283,mixed,liquid,pure-cyrillic-short-high-freq
76,жоспарлау,282,back,vowel,pure-cyrillic-short-high-freq
77,сайланды,280,back,vowel,pure-cyrillic-short-high-freq
78,ленин,277,front,nasal,pure-cyrillic-short-high-freq
80,әбу,274,front,vowel,pure-cyrillic-short-high-freq
81,корея,273,mixed,unknown,pure-cyrillic-short-high-freq
82,орнатылған,273,back,nasal,pure-cyrillic-short-high-freq
84,жауып,262,back,voiceless_consonant,pure-cyrillic-short-high-freq
85,бой,260,back,glide,pure-cyrillic-short-high-freq
86,салынады,255,back,vowel,pure-cyrillic-short-high-freq
87,орнында,252,back,vowel,pure-cyrillic-short-high-freq
88,сақ,252,back,voiceless_consonant,pure-cyrillic-short-high-freq
89,ташкент,252,mixed,voiceless_consonant,pure-cyrillic-short-high-freq
91,түс,251,front,voiceless_consonant,pure-cyrillic-short-high-freq
92,айға,250,back,vowel,pure-cyrillic-short-high-freq
93,театры,250,mixed,vowel,pure-cyrillic-short-high-freq
94,хабарлама,249,back,vowel,pure-cyrillic-short-high-freq
95,украина,248,back,vowel,pure-cyrillic-short-high-freq
96,жақты,247,back,vowel,pure-cyrillic-short-high-freq
97,климаты,247,back,vowel,pure-cyrillic-short-high-freq
98,округ,247,back,voiced_consonant,pure-cyrillic-short-high-freq
99,ііі,246,front,vowel,pure-cyrillic-short-high-freq
100,кмге,239,front,vowel,pure-cyrillic-short-high-freq
101,бюджеттен,238,front,nasal,pure-cyrillic-short-high-freq
102,жоспарын,238,back,nasal,pure-cyrillic-short-high-freq
106,тмд,233,unknown (no vowels),voiced_consonant,pure-cyrillic-short-high-freq
107,ескере,232,front,vowel,pure-cyrillic-short-high-freq
108,жауабы,232,back,vowel,pure-cyrillic-short-high-freq
109,опера,232,mixed,vowel,pure-cyrillic-short-high-freq
111,бойымен,229,mixed,nasal,pure-cyrillic-short-high-freq
112,сосын,229,back,nasal,pure-cyrillic-short-high-freq
113,филиалы,229,back,vowel,pure-cyrillic-short-high-freq
114,нашар,228,back,liquid,pure-cyrillic-short-high-freq
115,лауреаты,227,mixed,vowel,pure-cyrillic-short-high-freq
116,қыздың,226,back,nasal,pure-cyrillic-short-high-freq
117,жаққа,224,back,vowel,pure-cyrillic-short-high-freq
118,орнынан,222,back,nasal,pure-cyrillic-short-high-freq
119,оқиғалар,221,back,liquid,pure-cyrillic-short-high-freq
120,жатып,220,back,voiceless_consonant,pure-cyrillic-short-high-freq
121,озық,220,back,voiceless_consonant,pure-cyrillic-short-high-freq
122,слайд,220,back,voiced_consonant,pure-cyrillic-short-high-freq
123,әлде,220,front,vowel,pure-cyrillic-short-high-freq
124,француз,219,back,voiced_consonant,pure-cyrillic-short-high-freq
125,сипаты,213,back,vowel,pure-cyrillic-short-high-freq
126,шебер,213,front,liquid,pure-cyrillic-short-high-freq
128,чемпионы,207,mixed,vowel,pure-cyrillic-short-high-freq
129,ораза,204,back,vowel,pure-cyrillic-short-high-freq
130,артты,203,back,vowel,pure-cyrillic-short-high-freq
131,мырза,203,back,vowel,pure-cyrillic-short-high-freq
132,оқиды,203,back,vowel,pure-cyrillic-short-high-freq
135,салынып,198,back,voiceless_consonant,pure-cyrillic-short-high-freq
136,жатты,197,back,vowel,pure-cyrillic-short-high-freq
138,мге,196,front,vowel,pure-cyrillic-short-high-freq
139,конкурсқа,195,back,vowel,pure-cyrillic-short-high-freq
141,әлфараби,192,mixed,vowel,pure-cyrillic-short-high-freq
142,орасан,191,back,nasal,pure-cyrillic-short-high-freq
143,шектеседі,191,front,vowel,pure-cyrillic-short-high-freq
145,диплом,187,back,nasal,pure-cyrillic-short-high-freq
146,христиан,182,back,nasal,pure-cyrillic-short-high-freq
147,академик,180,mixed,voiceless_consonant,pure-cyrillic-short-high-freq
148,жат,178,back,voiceless_consonant,pure-cyrillic-short-high-freq
151,мәрте,176,front,vowel,pure-cyrillic-short-high-freq
152,африка,175,back,vowel,pure-cyrillic-short-high-freq
154,шебері,175,front,vowel,pure-cyrillic-short-high-freq
155,мониторинг,171,back,voiced_consonant,pure-cyrillic-short-high-freq
156,тал,171,back,liquid,pure-cyrillic-short-high-freq
157,владимир,168,back,liquid,pure-cyrillic-short-high-freq
160,осман,167,back,nasal,pure-cyrillic-short-high-freq
161,шеккен,165,front,nasal,pure-cyrillic-short-high-freq
162,жеп,164,front,voiceless_consonant,pure-cyrillic-short-high-freq
163,оқо,164,back,vowel,pure-cyrillic-short-high-freq
164,арзан,163,back,nasal,pure-cyrillic-short-high-freq
165,главная,163,back,unknown,pure-cyrillic-short-high-freq
166,испан,163,back,nasal,pure-cyrillic-short-high-freq
167,испания,162,back,unknown,pure-cyrillic-short-high-freq
169,орайда,162,back,vowel,pure-cyrillic-short-high-freq
170,сирия,160,neutral (only и/у/ю — needs context),unknown,pure-cyrillic-short-high-freq
171,соғды,159,back,vowel,pure-cyrillic-short-high-freq
172,талдап,159,back,voiceless_consonant,pure-cyrillic-short-high-freq
173,климат,158,back,voiceless_consonant,pure-cyrillic-short-high-freq
174,салығы,157,back,vowel,pure-cyrillic-short-high-freq
175,секс,156,front,voiceless_consonant,pure-cyrillic-short-high-freq
176,дулат,154,back,voiceless_consonant,pure-cyrillic-short-high-freq
177,кавказ,154,back,voiced_consonant,pure-cyrillic-short-high-freq
179,сал,154,back,liquid,pure-cyrillic-short-high-freq
181,колледж,152,mixed,voiced_consonant,pure-cyrillic-short-high-freq
182,қызды,150,back,vowel,pure-cyrillic-short-high-freq
183,бюджетке,148,front,vowel,pure-cyrillic-short-high-freq
184,хабардар,147,back,liquid,pure-cyrillic-short-high-freq
187,теория,145,mixed,unknown,pure-cyrillic-short-high-freq
188,аустралия,144,back,unknown,pure-cyrillic-short-high-freq
189,соғып,144,back,voiceless_consonant,pure-cyrillic-short-high-freq
190,англия,143,back,unknown,pure-cyrillic-short-high-freq
191,бюджеттің,143,front,nasal,pure-cyrillic-short-high-freq
193,түсініп,143,front,voiceless_consonant,pure-cyrillic-short-high-freq
194,адрес,141,mixed,voiceless_consonant,pure-cyrillic-short-high-freq
195,жатса,141,back,vowel,pure-cyrillic-short-high-freq
196,оқитын,141,back,nasal,pure-cyrillic-short-high-freq
197,жауады,140,back,vowel,pure-cyrillic-short-high-freq
198,совет,140,mixed,voiceless_consonant,pure-cyrillic-short-high-freq
199,американың,139,mixed,nasal,pure-cyrillic-short-high-freq
200,корей,139,mixed,glide,pure-cyrillic-short-high-freq
201,түске,139,front,vowel,pure-cyrillic-short-high-freq
203,ректоры,138,mixed,vowel,pure-cyrillic-short-high-freq
205,найман,137,back,nasal,pure-cyrillic-short-high-freq
206,жабылған,136,back,nasal,pure-cyrillic-short-high-freq
208,ғдың,135,back,nasal,pure-cyrillic-short-high-freq
209,путин,134,neutral (only и/у/ю — needs context),nasal,pure-cyrillic-short-high-freq
210,кмм,133,unknown (no vowels),nasal,pure-cyrillic-short-high-freq
211,область,133,back,voiced_consonant,pure-cyrillic-short-high-freq
212,қхр,133,unknown (no vowels),liquid,pure-cyrillic-short-high-freq
213,академигі,132,mixed,vowel,pure-cyrillic-short-high-freq
214,тер,132,front,liquid,pure-cyrillic-short-high-freq
215,қысы,132,back,vowel,pure-cyrillic-short-high-freq
217,бразилия,130,back,unknown,pure-cyrillic-short-high-freq
218,жөнінен,129,front,nasal,pure-cyrillic-short-high-freq
219,ксі,129,front,vowel,pure-cyrillic-short-high-freq
220,сайланады,128,back,vowel,pure-cyrillic-short-high-freq
222,аудит,126,back,voiceless_consonant,pure-cyrillic-short-high-freq
223,моделі,126,mixed,vowel,pure-cyrillic-short-high-freq
224,орнатылды,126,back,vowel,pure-cyrillic-short-high-freq
225,архив,125,back,voiced_consonant,pure-cyrillic-short-high-freq
226,османлы,125,back,vowel,pure-cyrillic-short-high-freq
227,кандидаты,124,back,vowel,pure-cyrillic-short-high-freq
228,оғыз,123,back,voiced_consonant,pure-cyrillic-short-high-freq
229,армия,122,back,unknown,pure-cyrillic-short-high-freq
231,музей,122,front,glide,pure-cyrillic-short-high-freq
232,оқи,121,back,vowel,pure-cyrillic-short-high-freq
233,еврей,120,front,glide,pure-cyrillic-short-high-freq
234,жауға,120,back,vowel,pure-cyrillic-short-high-freq
236,ахметов,119,mixed,voiced_consonant,pure-cyrillic-short-high-freq
237,нарығы,119,back,vowel,pure-cyrillic-short-high-freq
239,абзал,118,back,liquid,pure-cyrillic-short-high-freq
241,тағды,118,back,vowel,pure-cyrillic-short-high-freq
242,ордені,117,mixed,vowel,pure-cyrillic-short-high-freq
243,орденімен,117,mixed,nasal,pure-cyrillic-short-high-freq
244,абсолют,116,back,voiceless_consonant,pure-cyrillic-short-high-freq
245,кредит,115,front,voiceless_consonant,pure-cyrillic-short-high-freq
246,ктк,115,unknown (no vowels),voiceless_consonant,pure-cyrillic-short-high-freq
247,орнатуға,115,back,vowel,pure-cyrillic-short-high-freq
249,натурал,114,back,liquid,pure-cyrillic-short-high-freq
250,оқиғаның,113,back,nasal,pure-cyrillic-short-high-freq
251,сипат,113,back,voiceless_consonant,pure-cyrillic-short-high-freq
253,днқ,112,unknown (no vowels),voiceless_consonant,pure-cyrillic-short-high-freq
254,орнатты,112,back,vowel,pure-cyrillic-short-high-freq
256,себепші,110,front,vowel,pure-cyrillic-short-high-freq
257,сқа,110,back,vowel,pure-cyrillic-short-high-freq
258,сайрам,109,back,nasal,pure-cyrillic-short-high-freq
259,лондон,108,back,nasal,pure-cyrillic-short-high-freq
261,чемпионаты,106,mixed,vowel,pure-cyrillic-short-high-freq
262,ардагерлер,105,mixed,liquid,pure-cyrillic-short-high-freq
264,кандидат,104,back,voiceless_consonant,pure-cyrillic-short-high-freq
267,прокуроры,104,back,vowel,pure-cyrillic-short-high-freq
268,фильм,104,neutral (only и/у/ю — needs context),nasal,pure-cyrillic-short-high-freq
269,қызға,104,back,vowel,pure-cyrillic-short-high-freq
270,түсінігі,103,front,vowel,pure-cyrillic-short-high-freq
272,жоспарлап,102,back,voiceless_consonant,pure-cyrillic-short-high-freq
273,косово,102,back,vowel,pure-cyrillic-short-high-freq
274,бойын,101,back,nasal,pure-cyrillic-short-high-freq
275,жауын,101,back,nasal,pure-cyrillic-short-high-freq
276,оқиғаға,101,back,vowel,pure-cyrillic-short-high-freq
277,процесс,101,mixed,voiceless_consonant,pure-cyrillic-short-high-freq
278,комитет,100,mixed,voiceless_consonant,pure-cyrillic-short-high-freq
279,аппарат,99,back,voiceless_consonant,pure-cyrillic-short-high-freq
280,жоспарлары,99,back,vowel,pure-cyrillic-short-high-freq
281,нарын,99,back,nasal,pure-cyrillic-short-high-freq
282,грамм,98,back,nasal,pure-cyrillic-short-high-freq
283,форумы,98,back,vowel,pure-cyrillic-short-high-freq
286,америкада,96,mixed,vowel,pure-cyrillic-short-high-freq
287,ммге,96,front,vowel,pure-cyrillic-short-high-freq
288,программа,96,back,vowel,pure-cyrillic-short-high-freq
289,сигнал,96,back,liquid,pure-cyrillic-short-high-freq
290,жауды,95,back,vowel,pure-cyrillic-short-high-freq
291,салынатын,95,back,nasal,pure-cyrillic-short-high-freq
292,армения,94,mixed,unknown,pure-cyrillic-short-high-freq
294,жайып,94,back,voiceless_consonant,pure-cyrillic-short-high-freq
295,мырыш,94,back,voiceless_consonant,pure-cyrillic-short-high-freq
296,прокурор,94,back,liquid,pure-cyrillic-short-high-freq
297,қыры,94,back,vowel,pure-cyrillic-short-high-freq
298,ажырата,93,back,vowel,pure-cyrillic-short-high-freq
299,жоспарына,93,back,vowel,pure-cyrillic-short-high-freq
301,сонша,93,back,vowel,pure-cyrillic-short-high-freq
302,хабарлаған,93,back,nasal,pure-cyrillic-short-high-freq
303,архивтер,92,mixed,liquid,pure-cyrillic-short-high-freq
304,дсұ,92,back,vowel,pure-cyrillic-short-high-freq
305,комбинаты,92,back,vowel,pure-cyrillic-short-high-freq
306,верный,91,mixed,glide,pure-cyrillic-short-high-freq
307,джордж,91,back,voiced_consonant,pure-cyrillic-short-high-freq
308,сайлауда,91,back,vowel,pure-cyrillic-short-high-freq
310,бойжеткен,90,mixed,nasal,pure-cyrillic-short-high-freq
311,жайын,90,back,nasal,pure-cyrillic-short-high-freq
312,зымыран,90,back,nasal,pure-cyrillic-short-high-freq
313,сайлауы,90,back,vowel,pure-cyrillic-short-high-freq
314,сайлауға,90,back,vowel,pure-cyrillic-short-high-freq
315,себептен,90,front,nasal,pure-cyrillic-short-high-freq
318,ардагері,89,mixed,vowel,pure-cyrillic-short-high-freq
319,аристотель,89,mixed,voiced_consonant,pure-cyrillic-short-high-freq
320,бойынан,89,back,nasal,pure-cyrillic-short-high-freq
321,оқода,89,back,vowel,pure-cyrillic-short-high-freq
322,градусқа,88,back,vowel,pure-cyrillic-short-high-freq
323,жайы,88,back,vowel,pure-cyrillic-short-high-freq
324,квадрат,88,back,voiceless_consonant,pure-cyrillic-short-high-freq
325,көмекке,88,front,vowel,pure-cyrillic-short-high-freq
326,тиіп,88,front,voiceless_consonant,pure-cyrillic-short-high-freq
327,элементтер,88,front,liquid,pure-cyrillic-short-high-freq
330,ояту,87,back,vowel,pure-cyrillic-short-high-freq
333,аргентина,86,mixed,vowel,pure-cyrillic-short-high-freq
334,бғм,86,unknown (no vowels),nasal,pure-cyrillic-short-high-freq
335,жабылып,86,back,voiceless_consonant,pure-cyrillic-short-high-freq
336,жетпей,86,front,glide,pure-cyrillic-short-high-freq
337,кабинет,86,mixed,voiceless_consonant,pure-cyrillic-short-high-freq
338,хоккей,86,mixed,glide,pure-cyrillic-short-high-freq
339,армян,85,back,nasal,pure-cyrillic-short-high-freq
340,артта,85,back,vowel,pure-cyrillic-short-high-freq
341,египет,85,front,voiceless_consonant,pure-cyrillic-short-high-freq
342,нназарбаев,85,mixed,voiced_consonant,pure-cyrillic-short-high-freq
343,тяньшань,85,back,voiced_consonant,pure-cyrillic-short-high-freq
344,хал,85,back,liquid,pure-cyrillic-short-high-freq
345,дмитрий,84,neutral (only и/у/ю — needs context),glide,pure-cyrillic-short-high-freq
346,жатқа,84,back,vowel,pure-cyrillic-short-high-freq
347,мден,84,front,nasal,pure-cyrillic-short-high-freq
348,театрында,84,mixed,vowel,pure-cyrillic-short-high-freq
350,димаш,83,back,voiceless_consonant,pure-cyrillic-short-high-freq
352,израиль,83,back,voiced_consonant,pure-cyrillic-short-high-freq
354,сипатын,83,back,nasal,pure-cyrillic-short-high-freq
355,славян,83,back,nasal,pure-cyrillic-short-high-freq
356,элемент,83,front,voiceless_consonant,pure-cyrillic-short-high-freq
357,кореяның,82,mixed,nasal,pure-cyrillic-short-high-freq
359,рейтинг,82,front,voiced_consonant,pure-cyrillic-short-high-freq
360,талдаңдар,82,back,liquid,pure-cyrillic-short-high-freq
361,түсін,82,front,nasal,pure-cyrillic-short-high-freq
362,жауабын,81,back,nasal,pure-cyrillic-short-high-freq
363,техас,81,mixed,voiceless_consonant,pure-cyrillic-short-high-freq
364,украин,81,back,nasal,pure-cyrillic-short-high-freq
365,былтыр,80,back,liquid,pure-cyrillic-short-high-freq
366,градус,80,back,voiceless_consonant,pure-cyrillic-short-high-freq
367,зеландия,80,mixed,unknown,pure-cyrillic-short-high-freq
368,ленинград,80,mixed,voiced_consonant,pure-cyrillic-short-high-freq
369,орнады,80,back,vowel,pure-cyrillic-short-high-freq
371,австралия,79,back,unknown,pure-cyrillic-short-high-freq
372,аустрия,79,back,unknown,pure-cyrillic-short-high-freq
373,жомарт,79,back,voiceless_consonant,pure-cyrillic-short-high-freq
374,концерт,79,mixed,voiceless_consonant,pure-cyrillic-short-high-freq
375,нидерланд,79,mixed,voiced_consonant,pure-cyrillic-short-high-freq
376,оңтайлы,79,back,vowel,pure-cyrillic-short-high-freq
378,францияның,79,back,nasal,pure-cyrillic-short-high-freq
379,ххі,79,front,vowel,pure-cyrillic-short-high-freq
381,шектен,79,front,nasal,pure-cyrillic-short-high-freq
382,жайылым,78,back,nasal,pure-cyrillic-short-high-freq
383,жетпейді,78,front,vowel,pure-cyrillic-short-high-freq
385,салдары,78,back,vowel,pure-cyrillic-short-high-freq
387,тимур,78,neutral (only и/у/ю — needs context),liquid,pure-cyrillic-short-high-freq
390,жабылды,77,back,vowel,pure-cyrillic-short-high-freq
391,жауы,77,back,vowel,pure-cyrillic-short-high-freq
392,жоспарлы,77,back,vowel,pure-cyrillic-short-high-freq
393,формула,77,back,vowel,pure-cyrillic-short-high-freq
394,комсомол,76,back,liquid,pure-cyrillic-short-high-freq
395,соғұрлым,76,back,nasal,pure-cyrillic-short-high-freq
396,академия,75,mixed,unknown,pure-cyrillic-short-high-freq
397,американ,75,mixed,nasal,pure-cyrillic-short-high-freq
398,ақның,75,back,nasal,pure-cyrillic-short-high-freq
399,емтихан,75,mixed,nasal,pure-cyrillic-short-high-freq
400,нормаларын,75,back,nasal,pure-cyrillic-short-high-freq
402,тиген,75,front,nasal,pure-cyrillic-short-high-freq
403,форум,75,back,nasal,pure-cyrillic-short-high-freq
404,шектелген,75,front,nasal,pure-cyrillic-short-high-freq
405,нақ,74,back,voiceless_consonant,pure-cyrillic-short-high-freq
406,орнықты,74,back,vowel,pure-cyrillic-short-high-freq
407,оңалту,74,back,vowel,pure-cyrillic-short-high-freq
408,қрның,74,back,nasal,pure-cyrillic-short-high-freq
409,импорт,73,back,voiceless_consonant,pure-cyrillic-short-high-freq
410,интеллект,73,front,voiceless_consonant,pure-cyrillic-short-high-freq
411,кмден,73,front,nasal,pure-cyrillic-short-high-freq
413,оқиғаны,73,back,vowel,pure-cyrillic-short-high-freq
415,салмағ,73,back,voiced_consonant,pure-cyrillic-short-high-freq
416,хадис,73,back,voiceless_consonant,pure-cyrillic-short-high-freq
417,колумб,72,back,voiced_consonant,pure-cyrillic-short-high-freq
418,лады,72,back,vowel,pure-cyrillic-short-high-freq
419,оқиғаларды,72,back,vowel,pure-cyrillic-short-high-freq
420,пушкин,72,neutral (only и/у/ю — needs context),nasal,pure-cyrillic-short-high-freq
421,смге,72,front,vowel,pure-cyrillic-short-high-freq
422,тренинг,72,front,voiced_consonant,pure-cyrillic-short-high-freq
423,жатпайтын,71,back,nasal,pure-cyrillic-short-high-freq
424,жақтың,71,back,nasal,pure-cyrillic-short-high-freq
425,жеген,71,front,nasal,pure-cyrillic-short-high-freq
426,норвегия,71,mixed,unknown,pure-cyrillic-short-high-freq
428,ташкентте,71,mixed,vowel,pure-cyrillic-short-high-freq
429,юнеско,71,mixed,vowel,pure-cyrillic-short-high-freq
430,ахуал,70,back,liquid,pure-cyrillic-short-high-freq
431,былайша,70,back,vowel,pure-cyrillic-short-high-freq
433,гигиена,70,mixed,vowel,pure-cyrillic-short-high-freq
434,жатпайды,70,back,vowel,pure-cyrillic-short-high-freq
435,оңтүстігі,70,mixed,vowel,pure-cyrillic-short-high-freq
438,құқығ,70,back,voiced_consonant,pure-cyrillic-short-high-freq
439,хабарды,69,back,vowel,pure-cyrillic-short-high-freq
441,еврейлер,68,front,liquid,pure-cyrillic-short-high-freq
442,инспекторы,68,mixed,vowel,pure-cyrillic-short-high-freq
443,николай,68,back,glide,pure-cyrillic-short-high-freq
444,ораз,68,back,voiced_consonant,pure-cyrillic-short-high-freq
445,ошағы,68,back,vowel,pure-cyrillic-short-high-freq
446,тағзым,68,back,nasal,pure-cyrillic-short-high-freq
447,юнесконың,68,mixed,nasal,pure-cyrillic-short-high-freq
449,исламның,67,back,nasal,pure-cyrillic-short-high-freq
450,көмектің,67,front,nasal,pure-cyrillic-short-high-freq
451,сахнаға,67,back,vowel,pure-cyrillic-short-high-freq
452,шағы,67,back,vowel,pure-cyrillic-short-high-freq
454,ажырату,66,back,vowel,pure-cyrillic-short-high-freq
455,жеделдете,66,front,vowel,pure-cyrillic-short-high-freq
456,жетпес,66,front,voiceless_consonant,pure-cyrillic-short-high-freq
457,католик,66,back,voiceless_consonant,pure-cyrillic-short-high-freq
458,ксрі,66,front,vowel,pure-cyrillic-short-high-freq
460,лимон,66,back,nasal,pure-cyrillic-short-high-freq
461,одағына,66,back,vowel,pure-cyrillic-short-high-freq
462,рмк,66,unknown (no vowels),voiceless_consonant,pure-cyrillic-short-high-freq
463,символы,66,back,vowel,pure-cyrillic-short-high-freq
464,сипатқа,66,back,vowel,pure-cyrillic-short-high-freq
465,харам,66,back,nasal,pure-cyrillic-short-high-freq
466,шек,66,front,voiceless_consonant,pure-cyrillic-short-high-freq
467,кмдей,65,front,glide,pure-cyrillic-short-high-freq
468,ммден,65,front,nasal,pure-cyrillic-short-high-freq
470,секторы,65,mixed,vowel,pure-cyrillic-short-high-freq
471,театрдың,65,mixed,nasal,pure-cyrillic-short-high-freq
473,хаббл,65,back,liquid,pure-cyrillic-short-high-freq
474,вашингтон,64,back,nasal,pure-cyrillic-short-high-freq
475,гурьев,64,front,voiced_consonant,pure-cyrillic-short-high-freq
476,жаудың,64,back,nasal,pure-cyrillic-short-high-freq
477,мәуезов,64,mixed,voiced_consonant,pure-cyrillic-short-high-freq
478,салығ,64,back,voiced_consonant,pure-cyrillic-short-high-freq
479,себептер,64,front,liquid,pure-cyrillic-short-high-freq
480,скачать,64,back,voiced_consonant,pure-cyrillic-short-high-freq
482,техниканың,64,mixed,nasal,pure-cyrillic-short-high-freq
484,тжд,64,unknown (no vowels),voiced_consonant,pure-cyrillic-short-high-freq
485,украинаның,64,back,nasal,pure-cyrillic-short-high-freq
486,абырой,63,back,glide,pure-cyrillic-short-high-freq
488,дизайн,63,back,nasal,pure-cyrillic-short-high-freq
489,жайылып,63,back,voiceless_consonant,pure-cyrillic-short-high-freq
491,лондонда,63,back,vowel,pure-cyrillic-short-high-freq
492,оба,63,back,vowel,pure-cyrillic-short-high-freq
493,орап,63,back,voiceless_consonant,pure-cyrillic-short-high-freq
496,төтеп,63,front,voiceless_consonant,pure-cyrillic-short-high-freq
497,украиндар,63,back,liquid,pure-cyrillic-short-high-freq
499,ыдырап,63,back,voiceless_consonant,pure-cyrillic-short-high-freq
500,аңға,62,back,vowel,pure-cyrillic-short-high-freq
501,ескеріп,62,front,voiceless_consonant,pure-cyrillic-short-high-freq
502,жоспарлар,62,back,liquid,pure-cyrillic-short-high-freq
505,оқиғаларға,62,back,vowel,pure-cyrillic-short-high-freq
506,регламенті,62,mixed,vowel,pure-cyrillic-short-high-freq
509,аймағ,61,back,voiced_consonant,pure-cyrillic-short-high-freq
510,империя,61,front,unknown,pure-cyrillic-short-high-freq
511,монархия,61,back,unknown,pure-cyrillic-short-high-freq
512,надан,61,back,nasal,pure-cyrillic-short-high-freq
513,нобель,61,mixed,voiced_consonant,pure-cyrillic-short-high-freq
514,сина,61,back,vowel,pure-cyrillic-short-high-freq
515,тігіп,61,front,voiceless_consonant,pure-cyrillic-short-high-freq
516,түсініг,61,front,voiced_consonant,pure-cyrillic-short-high-freq
517,қыр,61,back,liquid,pure-cyrillic-short-high-freq
519,дунай,60,back,glide,pure-cyrillic-short-high-freq
520,климаттың,60,back,nasal,pure-cyrillic-short-high-freq
521,сабағ,60,back,voiced_consonant,pure-cyrillic-short-high-freq
522,сайлайды,60,back,vowel,pure-cyrillic-short-high-freq
524,шеккендер,60,front,liquid,pure-cyrillic-short-high-freq
525,шқму,60,neutral (only и/у/ю — needs context),vowel,pure-cyrillic-short-high-freq
527,қиып,60,back,voiceless_consonant,pure-cyrillic-short-high-freq
528,абылайдың,59,back,nasal,pure-cyrillic-short-high-freq
529,вирус,59,neutral (only и/у/ю — needs context),voiceless_consonant,pure-cyrillic-short-high-freq
530,дүр,59,front,liquid,pure-cyrillic-short-high-freq
531,жеңген,59,front,nasal,pure-cyrillic-short-high-freq
532,крест,59,front,voiceless_consonant,pure-cyrillic-short-high-freq
533,нормалар,59,back,liquid,pure-cyrillic-short-high-freq
534,обама,59,back,vowel,pure-cyrillic-short-high-freq
536,сахнада,59,back,vowel,pure-cyrillic-short-high-freq
537,тиді,59,front,vowel,pure-cyrillic-short-high-freq
538,югославия,59,back,unknown,pure-cyrillic-short-high-freq
540,волейбол,58,mixed,liquid,pure-cyrillic-short-high-freq
541,евгений,58,front,glide,pure-cyrillic-short-high-freq
542,ескеру,58,front,vowel,pure-cyrillic-short-high-freq
543,жаудан,58,back,nasal,pure-cyrillic-short-high-freq
544,зейнеткер,58,front,liquid,pure-cyrillic-short-high-freq
545,нормалары,58,back,vowel,pure-cyrillic-short-high-freq
546,орнатқан,58,back,nasal,pure-cyrillic-short-high-freq
547,процестер,58,mixed,liquid,pure-cyrillic-short-high-freq
548,агенттіг,57,mixed,voiced_consonant,pure-cyrillic-short-high-freq
549,грунт,57,neutral (only и/у/ю — needs context),voiceless_consonant,pure-cyrillic-short-high-freq
550,жайды,57,back,vowel,pure-cyrillic-short-high-freq
551,новости,57,back,vowel,pure-cyrillic-short-high-freq
552,оңға,57,back,vowel,pure-cyrillic-short-high-freq
553,проблема,57,mixed,vowel,pure-cyrillic-short-high-freq
554,чемпион,57,mixed,nasal,pure-cyrillic-short-high-freq
555,арр,56,back,liquid,pure-cyrillic-short-high-freq
557,дина,56,back,vowel,pure-cyrillic-short-high-freq
558,зайырлы,56,back,vowel,pure-cyrillic-short-high-freq
559,комитеттің,56,mixed,nasal,pure-cyrillic-short-high-freq
561,түсінді,56,front,vowel,pure-cyrillic-short-high-freq
562,хабарласып,56,back,voiceless_consonant,pure-cyrillic-short-high-freq
563,шығанағ,56,back,voiced_consonant,pure-cyrillic-short-high-freq
564,құқы,56,back,vowel,pure-cyrillic-short-high-freq
565,англияда,55,back,vowel,pure-cyrillic-short-high-freq
566,аумағ,55,back,voiced_consonant,pure-cyrillic-short-high-freq
567,африкада,55,back,vowel,pure-cyrillic-short-high-freq
568,ескертпе,55,front,vowel,pure-cyrillic-short-high-freq
569,каталог,55,back,voiced_consonant,pure-cyrillic-short-high-freq
570,кмсағ,55,back,voiced_consonant,pure-cyrillic-short-high-freq
571,комиссары,55,back,vowel,pure-cyrillic-short-high-freq
572,найза,55,back,vowel,pure-cyrillic-short-high-freq
573,референдум,55,front,nasal,pure-cyrillic-short-high-freq
574,салынуы,55,back,vowel,pure-cyrillic-short-high-freq
575,салыңдар,55,back,liquid,pure-cyrillic-short-high-freq
576,ажырамас,54,back,voiceless_consonant,pure-cyrillic-short-high-freq
577,африканың,54,back,nasal,pure-cyrillic-short-high-freq
578,доцент,54,mixed,voiceless_consonant,pure-cyrillic-short-high-freq
579,жайкүйі,54,mixed,vowel,pure-cyrillic-short-high-freq
580,исландия,54,back,unknown,pure-cyrillic-short-high-freq
582,кредиттер,54,front,liquid,pure-cyrillic-short-high-freq
584,объективті,54,mixed,vowel,pure-cyrillic-short-high-freq
585,оқшау,54,back,vowel,pure-cyrillic-short-high-freq
588,швейцария,54,mixed,unknown,pure-cyrillic-short-high-freq
590,артезиан,53,mixed,nasal,pure-cyrillic-short-high-freq
592,джеймс,53,front,voiceless_consonant,pure-cyrillic-short-high-freq
593,испанияның,53,back,nasal,pure-cyrillic-short-high-freq
594,кітаб,53,mixed,voiced_consonant,pure-cyrillic-short-high-freq
595,оркестрі,53,mixed,vowel,pure-cyrillic-short-high-freq
596,осал,53,back,liquid,pure-cyrillic-short-high-freq
597,оқиғадан,53,back,nasal,pure-cyrillic-short-high-freq
598,сахна,53,back,vowel,pure-cyrillic-short-high-freq
599,соове,53,mixed,vowel,pure-cyrillic-short-high-freq
600,стадион,53,back,nasal,pure-cyrillic-short-high-freq
601,сталин,53,back,nasal,pure-cyrillic-short-high-freq
602,түсінген,53,front,nasal,pure-cyrillic-short-high-freq
603,армияның,52,back,nasal,pure-cyrillic-short-high-freq
604,бжзқ,52,unknown (no vowels),voiceless_consonant,pure-cyrillic-short-high-freq
605,вестник,52,front,voiceless_consonant,pure-cyrillic-short-high-freq
606,жаттап,52,back,voiceless_consonant,pure-cyrillic-short-high-freq
607,жетсе,52,front,vowel,pure-cyrillic-short-high-freq
609,наразы,52,back,vowel,pure-cyrillic-short-high-freq
610,ницше,52,front,vowel,pure-cyrillic-short-high-freq
611,практикада,52,back,vowel,pure-cyrillic-short-high-freq
612,салмағын,52,back,nasal,pure-cyrillic-short-high-freq
613,сипатына,52,back,vowel,pure-cyrillic-short-high-freq
615,халал,52,back,liquid,pure-cyrillic-short-high-freq
616,өзөзіне,52,front,vowel,pure-cyrillic-short-high-freq
617,анна,51,back,vowel,pure-cyrillic-short-high-freq
618,динара,51,back,vowel,pure-cyrillic-short-high-freq
619,жайлау,51,back,vowel,pure-cyrillic-short-high-freq
622,реформалар,51,mixed,liquid,pure-cyrillic-short-high-freq
623,тиым,51,back,nasal,pure-cyrillic-short-high-freq
625,шанхай,51,back,glide,pure-cyrillic-short-high-freq
626,ансамблі,50,mixed,vowel,pure-cyrillic-short-high-freq
627,вирустар,50,back,liquid,pure-cyrillic-short-high-freq
628,гонконг,50,back,voiced_consonant,pure-cyrillic-short-high-freq
629,жайлаған,50,back,nasal,pure-cyrillic-short-high-freq
630,клиент,50,front,voiceless_consonant,pure-cyrillic-short-high-freq
631,константин,50,back,nasal,pure-cyrillic-short-high-freq
633,көмекті,50,front,vowel,pure-cyrillic-short-high-freq
634,логика,50,back,vowel,pure-cyrillic-short-high-freq
636,озды,50,back,vowel,pure-cyrillic-short-high-freq
637,округтер,50,mixed,liquid,pure-cyrillic-short-high-freq
638,оспанова,50,back,vowel,pure-cyrillic-short-high-freq
639,хабарлау,50,back,vowel,pure-cyrillic-short-high-freq
640,шаған,50,back,nasal,pure-cyrillic-short-high-freq
641,шөмекей,50,front,glide,pure-cyrillic-short-high-freq
642,қысып,50,back,voiceless_consonant,pure-cyrillic-short-high-freq
643,әлкей,50,front,glide,pure-cyrillic-short-high-freq
